10531840 100.44
0 -1 4114
1 -1 4114
2 -1 4114
3 -1 4114
4 -1 4114
5 -1 4114
6 -1 4114
7 -1 4114
8 -1 4114
9 -1 4114
10 -1 4114
11 -1 4114
12 -1 4114
13 -1 4114
14 -1 4114
15 -1 4114
16 -1 4114
17 -1 4114
18 -1 4114
19 -1 4114
20 -1 4114
21 -1 4114
22 -1 4114
23 -1 4114
24 -1 4114
25 -1 4114
26 -1 4114
27 -1 4114
28 -1 4114
29 -1 4114
30 -1 4114
31 -1 4114
32 -1 4114
33 -1 4114
34 -1 4114
35 -1 4114
36 -1 4114
37 -1 4114
38 -1 4114
39 -1 4114
40 -1 4114
41 -1 4114
42 -1 4114
43 -1 4114
44 -1 4114
45 -1 4114
46 -1 4114
47 -1 4114
48 -1 4114
49 -1 4114
50 -1 4114
51 -1 4114
52 -1 4114
53 -1 4114
54 -1 4114
55 -1 4114
56 -1 4114
57 -1 4114
58 -1 4114
59 -1 4114
60 -1 4114
61 -1 4114
62 -1 4114
63 -1 4114
64 -1 4114
65 -1 4114
66 -1 4114
67 -1 4114
68 -1 4114
69 -1 4114
70 -1 4114
71 -1 4114
72 -1 4114
73 -1 4114
74 -1 4114
75 -1 4114
76 -1 4114
77 -1 4114
78 -1 4114
79 -1 4114
80 -1 4114
81 -1 4114
82 -1 4114
83 -1 4114
84 -1 4114
85 -1 4114
86 -1 4114
87 -1 4114
88 -1 4114
89 -1 4114
90 -1 4114
91 -1 4114
92 -1 4114
93 -1 4114
94 -1 4114
95 -1 4114
96 -1 4114
97 -1 4114
98 -1 4114
99 -1 4114
100 -1 4114
101 -1 4114
102 -1 4114
103 -1 4114
104 -1 4114
105 -1 4114
106 -1 4114
107 -1 4114
108 -1 4114
109 -1 4114
110 -1 4114
111 -1 4114
112 -1 4114
113 -1 4114
114 -1 4114
115 -1 4114
116 -1 4114
117 -1 4114
118 -1 4114
119 -1 4114
120 -1 4114
121 -1 4114
122 -1 4114
123 -1 4114
124 -1 4114
125 -1 4114
126 -1 4114
127 -1 4114
128 -1 4114
129 -1 4114
130 -1 4114
131 -1 4114
132 -1 4114
133 -1 4114
134 -1 4114
135 -1 4114
136 -1 4114
137 -1 4114
138 -1 4114
139 -1 4114
140 -1 4114
141 -1 4114
142 -1 4114
143 -1 4114
144 -1 4114
145 -1 4114
146 -1 4114
147 -1 4114
148 -1 4114
149 -1 4114
150 -1 4114
151 -1 4114
152 -1 4114
153 -1 4114
154 -1 4114
155 -1 4114
156 -1 4114
157 -1 4114
158 -1 4114
159 -1 4114
160 -1 4114
161 -1 4114
162 -1 4114
163 -1 4114
164 -1 4114
165 -1 4114
166 -1 4114
167 -1 4114
168 -1 4114
169 -1 4114
170 -1 4114
171 -1 4114
172 -1 4114
173 -1 4114
174 -1 4114
175 -1 4114
176 -1 4114
177 -1 4114
178 -1 4114
179 -1 4114
180 -1 4114
181 -1 4114
182 -1 4114
183 -1 4114
184 -1 4114
185 -1 4114
186 -1 4114
187 -1 4114
188 -1 4114
189 -1 4114
190 -1 4114
191 -1 4114
192 -1 4114
193 -1 4114
194 -1 4114
195 -1 4114
196 -1 4114
197 -1 4114
198 -1 4114
199 -1 4114
200 -1 4114
201 -1 4114
202 -1 4114
203 -1 4114
204 -1 4114
205 -1 4114
206 -1 4114
207 -1 4114
208 -1 4114
209 -1 4114
210 -1 4114
211 -1 4114
212 -1 4114
213 -1 4114
214 -1 4114
215 -1 4114
216 -1 4114
217 -1 4114
218 -1 4114
219 -1 4114
220 -1 4114
221 -1 4114
222 -1 4114
223 -1 4114
224 -1 4114
225 -1 4114
226 -1 4114
227 -1 4114
228 -1 4114
229 -1 4114
230 -1 4114
231 -1 4114
232 -1 4114
233 -1 4114
234 -1 4114
235 -1 4114
236 -1 4114
237 -1 4114
238 -1 4114
239 -1 4114
240 -1 4114
241 -1 4114
242 -1 4114
243 -1 4114
244 -1 4114
245 -1 4114
246 -1 4114
247 -1 4114
248 -1 4114
249 -1 4114
250 -1 4114
251 -1 4114
252 -1 4114
253 -1 4114
254 -1 4114
255 -1 4114
256 -1 4114
257 -1 4114
258 -1 4114
259 -1 4114
260 -1 4114
261 -1 4114
262 -1 4114
263 -1 4114
264 -1 4114
265 -1 4114
266 -1 4114
267 -1 4114
268 -1 4114
269 -1 4114
270 -1 4114
271 -1 4114
272 -1 4114
273 -1 4114
274 -1 4114
275 -1 4114
276 -1 4114
277 -1 4114
278 -1 4114
279 -1 4114
280 -1 4114
281 -1 4114
282 -1 4114
283 -1 4114
284 -1 4114
285 -1 4114
286 -1 4114
287 -1 4114
288 -1 4114
289 -1 4114
290 -1 4114
291 -1 4114
292 -1 4114
293 -1 4114
294 -1 4114
295 -1 4114
296 -1 4114
297 -1 4114
298 -1 4114
299 -1 4114
300 -1 4114
301 -1 4114
302 -1 4114
303 -1 4114
304 -1 4114
305 -1 4114
306 -1 4114
307 -1 4114
308 -1 4114
309 -1 4114
310 -1 4114
311 -1 4114
312 -1 4114
313 -1 4114
314 -1 4114
315 -1 4114
316 -1 4114
317 -1 4114
318 -1 4114
319 -1 4114
320 -1 4114
321 -1 4114
322 -1 4114
323 -1 4114
324 -1 4114
325 -1 4114
326 -1 4114
327 -1 4114
328 -1 4114
329 -1 4114
330 -1 4114
331 -1 4114
332 -1 4114
333 -1 4114
334 -1 4114
335 -1 4114
336 -1 4114
337 -1 4114
338 -1 4114
339 -1 4114
340 -1 4114
341 -1 4114
342 -1 4114
343 -1 4114
344 -1 4114
345 -1 4114
346 -1 4114
347 -1 4114
348 -1 4114
349 -1 4114
350 -1 4114
351 -1 4114
352 -1 4114
353 -1 4114
354 -1 4114
355 -1 4114
356 -1 4114
357 -1 4114
358 -1 4114
359 -1 4114
360 -1 4114
361 -1 4114
362 -1 4114
363 -1 4114
364 -1 4114
365 -1 4114
366 -1 4114
367 -1 4114
368 -1 4114
369 -1 4114
370 -1 4114
371 -1 4114
372 -1 4114
373 -1 4114
374 -1 4114
375 -1 4114
376 -1 4114
377 -1 4114
378 -1 4114
379 -1 4114
380 -1 4114
381 -1 4114
382 -1 4114
383 -1 4114
384 -1 4114
385 -1 4114
386 -1 4114
387 -1 4114
388 -1 4114
389 -1 4114
390 -1 4114
391 -1 4114
392 -1 4114
393 -1 4114
394 -1 4114
395 -1 4114
396 -1 4114
397 -1 4114
398 -1 4114
399 -1 4114
400 -1 4114
401 -1 4114
402 -1 4114
403 -1 4114
404 -1 4114
405 -1 4114
406 -1 4114
407 -1 4114
408 -1 4114
409 -1 4114
410 -1 4114
411 -1 4114
412 -1 4114
413 -1 4114
414 -1 4114
415 -1 4114
416 -1 4114
417 -1 4114
418 -1 4114
419 -1 4114
420 -1 4114
421 -1 4114
422 -1 4114
423 -1 4114
424 -1 4114
425 -1 4114
426 -1 4114
427 -1 4114
428 -1 4114
429 -1 4114
430 -1 4114
431 -1 4114
432 -1 4114
433 -1 4114
434 -1 4114
435 -1 4114
436 -1 4114
437 -1 4114
438 -1 4114
439 -1 4114
440 -1 4114
441 -1 4114
442 -1 4114
443 -1 4114
444 -1 4114
445 -1 4114
446 -1 4114
447 -1 4114
448 -1 4114
449 -1 4114
450 -1 4114
451 -1 4114
452 -1 4114
453 -1 4114
454 -1 4114
455 -1 4114
456 -1 4114
457 -1 4114
458 -1 4114
459 -1 4114
460 -1 4114
461 -1 4114
462 -1 4114
463 -1 4114
464 -1 4114
465 -1 4114
466 -1 4114
467 -1 4114
468 -1 4114
469 -1 4114
470 -1 4114
471 -1 4114
472 -1 4114
473 -1 4114
474 -1 4114
475 -1 4114
476 -1 4114
477 -1 4114
478 -1 4114
479 -1 4114
480 -1 4114
481 -1 4114
482 -1 4114
483 -1 4114
484 -1 4114
485 -1 4114
486 -1 4114
487 -1 4114
488 -1 4114
489 -1 4114
490 -1 4114
491 -1 4114
492 -1 4114
493 -1 4114
494 -1 4114
495 -1 4114
496 -1 4114
497 -1 4114
498 -1 4114
499 -1 4114
500 -1 4114
501 -1 4114
502 -1 4114
503 -1 4114
504 -1 4114
505 -1 4114
506 -1 4114
507 -1 4114
508 -1 4114
509 -1 4114
510 -1 4114
511 -1 4114
512 -1 4114
513 -1 4114
514 -1 4114
515 -1 4114
516 -1 4114
517 -1 4114
518 -1 4114
519 -1 4114
520 -1 4114
521 -1 4114
522 -1 4114
523 -1 4114
524 -1 4114
525 -1 4114
526 -1 4114
527 -1 4114
528 -1 4114
529 -1 4114
530 -1 4114
531 -1 4114
532 -1 4114
533 -1 4114
534 -1 4114
535 -1 4114
536 -1 4114
537 -1 4114
538 -1 4114
539 -1 4114
540 -1 4114
541 -1 4114
542 -1 4114
543 -1 4114
544 -1 4114
545 -1 4114
546 -1 4114
547 -1 4114
548 -1 4114
549 -1 4114
550 -1 4114
551 -1 4114
552 -1 4114
553 -1 4114
554 -1 4114
555 -1 4114
556 -1 4114
557 -1 4114
558 -1 4114
559 -1 4114
560 -1 4114
561 -1 4114
562 -1 4114
563 -1 4114
564 -1 4114
565 -1 4114
566 -1 4114
567 -1 4114
568 -1 4114
569 -1 4114
570 -1 4114
571 -1 4114
572 -1 4114
573 -1 4114
574 -1 4114
575 -1 4114
576 -1 4114
577 -1 4114
578 -1 4114
579 -1 4114
580 -1 4114
581 -1 4114
582 -1 4114
583 -1 4114
584 -1 4114
585 -1 4114
586 -1 4114
587 -1 4114
588 -1 4114
589 -1 4114
590 -1 4114
591 -1 4114
592 -1 4114
593 -1 4114
594 -1 4114
595 -1 4114
596 -1 4114
597 -1 4114
598 -1 4114
599 -1 4114
600 -1 4114
601 -1 4114
602 -1 4114
603 -1 4114
604 -1 4114
605 -1 4114
606 -1 4114
607 -1 4114
608 -1 4114
609 -1 4114
610 -1 4114
611 -1 4114
612 -1 4114
613 -1 4114
614 -1 4114
615 -1 4114
616 -1 4114
617 -1 4114
618 -1 4114
619 -1 4114
620 -1 4114
621 -1 4114
622 -1 4114
623 -1 4114
624 -1 4114
625 -1 4114
626 -1 4114
627 -1 4114
628 -1 4114
629 -1 4114
630 -1 4114
631 -1 4114
632 -1 4114
633 -1 4114
634 -1 4114
635 -1 4114
636 -1 4114
637 -1 4114
638 -1 4114
639 -1 4114
640 -1 4114
641 -1 4114
642 -1 4114
643 -1 4114
644 -1 4114
645 -1 4114
646 -1 4114
647 -1 4114
648 -1 4114
649 -1 4114
650 -1 4114
651 -1 4114
652 -1 4114
653 -1 4114
654 -1 4114
655 -1 4114
656 -1 4114
657 -1 4114
658 -1 4114
659 -1 4114
660 -1 4114
661 -1 4114
662 -1 4114
663 -1 4114
664 -1 4114
665 -1 4114
666 -1 4114
667 -1 4114
668 -1 4114
669 -1 4114
670 -1 4114
671 -1 4114
672 -1 4114
673 -1 4114
674 -1 4114
675 -1 4114
676 -1 4114
677 -1 4114
678 -1 4114
679 -1 4114
680 -1 4114
681 -1 4114
682 -1 4114
683 -1 4114
684 -1 4114
685 -1 4114
686 -1 4114
687 -1 4114
688 -1 4114
689 -1 4114
690 -1 4114
691 -1 4114
692 -1 4114
693 -1 4114
694 -1 4114
695 -1 4114
696 -1 4114
697 -1 4114
698 -1 4114
699 -1 4114
700 -1 4114
701 -1 4114
702 -1 4114
703 -1 4114
704 -1 4114
705 -1 4114
706 -1 4114
707 -1 4114
708 -1 4114
709 -1 4114
710 -1 4114
711 -1 4114
712 -1 4114
713 -1 4114
714 -1 4114
715 -1 4114
716 -1 4114
717 -1 4114
718 -1 4114
719 -1 4114
720 -1 4114
721 -1 4114
722 -1 4114
723 -1 4114
724 -1 4114
725 -1 4114
726 -1 4114
727 -1 4114
728 -1 4114
729 -1 4114
730 -1 4114
731 -1 4114
732 -1 4114
733 -1 4114
734 -1 4114
735 -1 4114
736 -1 4114
737 -1 4114
738 -1 4114
739 -1 4114
740 -1 4114
741 -1 4114
742 -1 4114
743 -1 4114
744 -1 4114
745 -1 4114
746 -1 4114
747 -1 4114
748 -1 4114
749 -1 4114
750 -1 4114
751 -1 4114
752 -1 4114
753 -1 4114
754 -1 4114
755 -1 4114
756 -1 4114
757 -1 4114
758 -1 4114
759 -1 4114
760 -1 4114
761 -1 4114
762 -1 4114
763 -1 4114
764 -1 4114
765 -1 4114
766 -1 4114
767 -1 4114
768 -1 4114
769 -1 4114
770 -1 4114
771 -1 4114
772 -1 4114
773 -1 4114
774 -1 4114
775 -1 4114
776 -1 4114
777 -1 4114
778 -1 4114
779 -1 4114
780 -1 4114
781 -1 4114
782 -1 4114
783 -1 4114
784 -1 4114
785 -1 4114
786 -1 4114
787 -1 4114
788 -1 4114
789 -1 4114
790 -1 4114
791 -1 4114
792 -1 4114
793 -1 4114
794 -1 4114
795 -1 4114
796 -1 4114
797 -1 4114
798 -1 4114
799 -1 4114
800 -1 4114
801 -1 4114
802 -1 4114
803 -1 4114
804 -1 4114
805 -1 4114
806 -1 4114
807 -1 4114
808 -1 4114
809 -1 4114
810 -1 4114
811 -1 4114
812 -1 4114
813 -1 4114
814 -1 4114
815 -1 4114
816 -1 4114
817 -1 4114
818 -1 4114
819 -1 4114
820 -1 4114
821 -1 4114
822 -1 4114
823 -1 4114
824 -1 4114
825 -1 4114
826 -1 4114
827 -1 4114
828 -1 4114
829 -1 4114
830 -1 4114
831 -1 4114
832 -1 4114
833 -1 4114
834 -1 4114
835 -1 4114
836 -1 4114
837 -1 4114
838 -1 4114
839 -1 4114
840 -1 4114
841 -1 4114
842 -1 4114
843 -1 4114
844 -1 4114
845 -1 4114
846 -1 4114
847 -1 4114
848 -1 4114
849 -1 4114
850 -1 4114
851 -1 4114
852 -1 4114
853 -1 4114
854 -1 4114
855 -1 4114
856 -1 4114
857 -1 4114
858 -1 4114
859 -1 4114
860 -1 4114
861 -1 4114
862 -1 4114
863 -1 4114
864 -1 4114
865 -1 4114
866 -1 4114
867 -1 4114
868 -1 4114
869 -1 4114
870 -1 4114
871 -1 4114
872 -1 4114
873 -1 4114
874 -1 4114
875 -1 4114
876 -1 4114
877 -1 4114
878 -1 4114
879 -1 4114
880 -1 4114
881 -1 4114
882 -1 4114
883 -1 4114
884 -1 4114
885 -1 4114
886 -1 4114
887 -1 4114
888 -1 4114
889 -1 4114
890 -1 4114
891 -1 4114
892 -1 4114
893 -1 4114
894 -1 4114
895 -1 4114
896 -1 4114
897 -1 4114
898 -1 4114
899 -1 4114
900 -1 4114
901 -1 4114
902 -1 4114
903 -1 4114
904 -1 4114
905 -1 4114
906 -1 4114
907 -1 4114
908 -1 4114
909 -1 4114
910 -1 4114
911 -1 4114
912 -1 4114
913 -1 4114
914 -1 4114
915 -1 4114
916 -1 4114
917 -1 4114
918 -1 4114
919 -1 4114
920 -1 4114
921 -1 4114
922 -1 4114
923 -1 4114
924 -1 4114
925 -1 4114
926 -1 4114
927 -1 4114
928 -1 4114
929 -1 4114
930 -1 4114
931 -1 4114
932 -1 4114
933 -1 4114
934 -1 4114
935 -1 4114
936 -1 4114
937 -1 4114
938 -1 4114
939 -1 4114
940 -1 4114
941 -1 4114
942 -1 4114
943 -1 4114
944 -1 4114
945 -1 4114
946 -1 4114
947 -1 4114
948 -1 4114
949 -1 4114
950 -1 4114
951 -1 4114
952 -1 4114
953 -1 4114
954 -1 4114
955 -1 4114
956 -1 4114
957 -1 4114
958 -1 4114
959 -1 4114
960 -1 4114
961 -1 4114
962 -1 4114
963 -1 4114
964 -1 4114
965 -1 4114
966 -1 4114
967 -1 4114
968 -1 4114
969 -1 4114
970 -1 4114
971 -1 4114
972 -1 4114
973 -1 4114
974 -1 4114
975 -1 4114
976 -1 4114
977 -1 4114
978 -1 4114
979 -1 4114
980 -1 4114
981 -1 4114
982 -1 4114
983 -1 4114
984 -1 4114
985 -1 4114
986 -1 4114
987 -1 4114
988 -1 4114
989 -1 4114
990 -1 4114
991 -1 4114
992 -1 4114
993 -1 4114
994 -1 4114
995 -1 4114
996 -1 4114
997 -1 4114
998 -1 4114
999 -1 4114
1000 -1 4114
1001 -1 4114
1002 -1 4114
1003 -1 4114
1004 -1 4114
1005 -1 4114
1006 -1 4114
1007 -1 4114
1008 -1 4114
1009 -1 4114
1010 -1 4114
1011 -1 4114
1012 -1 4114
1013 -1 4114
1014 -1 4114
1015 -1 4114
1016 -1 4114
1017 -1 4114
1018 -1 4114
1019 -1 4114
1020 -1 4114
1021 -1 4114
1022 -1 4114
1023 -1 4114
1024 -1 4114
1025 -1 4114
1026 -1 4114
1027 -1 4114
1028 -1 4114
1029 -1 4114
1030 -1 4114
1031 -1 4114
1032 -1 4114
1033 -1 4114
1034 -1 4114
1035 -1 4114
1036 -1 4114
1037 -1 4114
1038 -1 4114
1039 -1 4114
1040 -1 4114
1041 -1 4114
1042 -1 4114
1043 -1 4114
1044 -1 4114
1045 -1 4114
1046 -1 4114
1047 -1 4114
1048 -1 4114
1049 -1 4114
1050 -1 4114
1051 -1 4114
1052 -1 4114
1053 -1 4114
1054 -1 4114
1055 -1 4114
1056 -1 4114
1057 -1 4114
1058 -1 4114
1059 -1 4114
1060 -1 4114
1061 -1 4114
1062 -1 4114
1063 -1 4114
1064 -1 4114
1065 -1 4114
1066 -1 4114
1067 -1 4114
1068 -1 4114
1069 -1 4114
1070 -1 4114
1071 -1 4114
1072 -1 4114
1073 -1 4114
1074 -1 4114
1075 -1 4114
1076 -1 4114
1077 -1 4114
1078 -1 4114
1079 -1 4114
1080 -1 4114
1081 -1 4114
1082 -1 4114
1083 -1 4114
1084 -1 4114
1085 -1 4114
1086 -1 4114
1087 -1 4114
1088 -1 4114
1089 -1 4114
1090 -1 4114
1091 -1 4114
1092 -1 4114
1093 -1 4114
1094 -1 4114
1095 -1 4114
1096 -1 4114
1097 -1 4114
1098 -1 4114
1099 -1 4114
1100 -1 4114
1101 -1 4114
1102 -1 4114
1103 -1 4114
1104 -1 4114
1105 -1 4114
1106 -1 4114
1107 -1 4114
1108 -1 4114
1109 -1 4114
1110 -1 4114
1111 -1 4114
1112 -1 4114
1113 -1 4114
1114 -1 4114
1115 -1 4114
1116 -1 4114
1117 -1 4114
1118 -1 4114
1119 -1 4114
1120 -1 4114
1121 -1 4114
1122 -1 4114
1123 -1 4114
1124 -1 4114
1125 -1 4114
1126 -1 4114
1127 -1 4114
1128 -1 4114
1129 -1 4114
1130 -1 4114
1131 -1 4114
1132 -1 4114
1133 -1 4114
1134 -1 4114
1135 -1 4114
1136 -1 4114
1137 -1 4114
1138 -1 4114
1139 -1 4114
1140 -1 4114
1141 -1 4114
1142 -1 4114
1143 -1 4114
1144 -1 4114
1145 -1 4114
1146 -1 4114
1147 -1 4114
1148 -1 4114
1149 -1 4114
1150 -1 4114
1151 -1 4114
1152 -1 4114
1153 -1 4114
1154 -1 4114
1155 -1 4114
1156 -1 4114
1157 -1 4114
1158 -1 4114
1159 -1 4114
1160 -1 4114
1161 -1 4114
1162 -1 4114
1163 -1 4114
1164 -1 4114
1165 -1 4114
1166 -1 4114
1167 -1 4114
1168 -1 4114
1169 -1 4114
1170 -1 4114
1171 -1 4114
1172 -1 4114
1173 -1 4114
1174 -1 4114
1175 -1 4114
1176 -1 4114
1177 -1 4114
1178 -1 4114
1179 -1 4114
1180 -1 4114
1181 -1 4114
1182 -1 4114
1183 -1 4114
1184 -1 4114
1185 -1 4114
1186 -1 4114
1187 -1 4114
1188 -1 4114
1189 -1 4114
1190 -1 4114
1191 -1 4114
1192 -1 4114
1193 -1 4114
1194 -1 4114
1195 -1 4114
1196 -1 4114
1197 -1 4114
1198 -1 4114
1199 -1 4114
1200 -1 4114
1201 -1 4114
1202 -1 4114
1203 -1 4114
1204 -1 4114
1205 -1 4114
1206 -1 4114
1207 -1 4114
1208 -1 4114
1209 -1 4114
1210 -1 4114
1211 -1 4114
1212 -1 4114
1213 -1 4114
1214 -1 4114
1215 -1 4114
1216 -1 4114
1217 -1 4114
1218 -1 4114
1219 -1 4114
1220 -1 4114
1221 -1 4114
1222 -1 4114
1223 -1 4114
1224 -1 4114
1225 -1 4114
1226 -1 4114
1227 -1 4114
1228 -1 4114
1229 -1 4114
1230 -1 4114
1231 -1 4114
1232 -1 4114
1233 -1 4114
1234 -1 4114
1235 -1 4114
1236 -1 4114
1237 -1 4114
1238 -1 4114
1239 -1 4114
1240 -1 4114
1241 -1 4114
1242 -1 4114
1243 -1 4114
1244 -1 4114
1245 -1 4114
1246 -1 4114
1247 -1 4114
1248 -1 4114
1249 -1 4114
1250 -1 4114
1251 -1 4114
1252 -1 4114
1253 -1 4114
1254 -1 4114
1255 -1 4114
1256 -1 4114
1257 -1 4114
1258 -1 4114
1259 -1 4114
1260 -1 4114
1261 -1 4114
1262 -1 4114
1263 -1 4114
1264 -1 4114
1265 -1 4114
1266 -1 4114
1267 -1 4114
1268 -1 4114
1269 -1 4114
1270 -1 4114
1271 -1 4114
1272 -1 4114
1273 -1 4114
1274 -1 4114
1275 -1 4114
1276 -1 4114
1277 -1 4114
1278 -1 4114
1279 -1 4114
1280 -1 4114
1281 -1 4114
1282 -1 4114
1283 -1 4114
1284 -1 4114
1285 -1 4114
1286 -1 4114
1287 -1 4114
1288 -1 4114
1289 -1 4114
1290 -1 4114
1291 -1 4114
1292 -1 4114
1293 -1 4114
1294 -1 4114
1295 -1 4114
1296 -1 4114
1297 -1 4114
1298 -1 4114
1299 -1 4114
1300 -1 4114
1301 -1 4114
1302 -1 4114
1303 -1 4114
1304 -1 4114
1305 -1 4114
1306 -1 4114
1307 -1 4114
1308 -1 4114
1309 -1 4114
1310 -1 4114
1311 -1 4114
1312 -1 4114
1313 -1 4114
1314 -1 4114
1315 -1 4114
1316 -1 4114
1317 -1 4114
1318 -1 4114
1319 -1 4114
1320 -1 4114
1321 -1 4114
1322 -1 4114
1323 -1 4114
1324 -1 4114
1325 -1 4114
1326 -1 4114
1327 -1 4114
1328 -1 4114
1329 -1 4114
1330 -1 4114
1331 -1 4114
1332 -1 4114
1333 -1 4114
1334 -1 4114
1335 -1 4114
1336 -1 4114
1337 -1 4114
1338 -1 4114
1339 -1 4114
1340 -1 4114
1341 -1 4114
1342 -1 4114
1343 -1 4114
1344 -1 4114
1345 -1 4114
1346 -1 4114
1347 -1 4114
1348 -1 4114
1349 -1 4114
1350 -1 4114
1351 -1 4114
1352 -1 4114
1353 -1 4114
1354 -1 4114
1355 -1 4114
1356 -1 4114
1357 -1 4114
1358 -1 4114
1359 -1 4114
1360 -1 4114
1361 -1 4114
1362 -1 4114
1363 -1 4114
1364 -1 4114
1365 -1 4114
1366 -1 4114
1367 -1 4114
1368 -1 4114
1369 -1 4114
1370 -1 4114
1371 -1 4114
1372 -1 4114
1373 -1 4114
1374 -1 4114
1375 -1 4114
1376 -1 4114
1377 -1 4114
1378 -1 4114
1379 -1 4114
1380 -1 4114
1381 -1 4114
1382 -1 4114
1383 -1 4114
1384 -1 4114
1385 -1 4114
1386 -1 4114
1387 -1 4114
1388 -1 4114
1389 -1 4114
1390 -1 4114
1391 -1 4114
1392 -1 4114
1393 -1 4114
1394 -1 4114
1395 -1 4114
1396 -1 4114
1397 -1 4114
1398 -1 4114
1399 -1 4114
1400 -1 4114
1401 -1 4114
1402 -1 4114
1403 -1 4114
1404 -1 4114
1405 -1 4114
1406 -1 4114
1407 -1 4114
1408 -1 4114
1409 -1 4114
1410 -1 4114
1411 -1 4114
1412 -1 4114
1413 -1 4114
1414 -1 4114
1415 -1 4114
1416 -1 4114
1417 -1 4114
1418 -1 4114
1419 -1 4114
1420 -1 4114
1421 -1 4114
1422 -1 4114
1423 -1 4114
1424 -1 4114
1425 -1 4114
1426 -1 4114
1427 -1 4114
1428 -1 4114
1429 -1 4114
1430 -1 4114
1431 -1 4114
1432 -1 4114
1433 -1 4114
1434 -1 4114
1435 -1 4114
1436 -1 4114
1437 -1 4114
1438 -1 4114
1439 -1 4114
1440 -1 4114
1441 -1 4114
1442 -1 4114
1443 -1 4114
1444 -1 4114
1445 -1 4114
1446 -1 4114
1447 -1 4114
1448 -1 4114
1449 -1 4114
1450 -1 4114
1451 -1 4114
1452 -1 4114
1453 -1 4114
1454 -1 4114
1455 -1 4114
1456 -1 4114
1457 -1 4114
1458 -1 4114
1459 -1 4114
1460 -1 4114
1461 -1 4114
1462 -1 4114
1463 -1 4114
1464 -1 4114
1465 -1 4114
1466 -1 4114
1467 -1 4114
1468 -1 4114
1469 -1 4114
1470 -1 4114
1471 -1 4114
1472 -1 4114
1473 -1 4114
1474 -1 4114
1475 -1 4114
1476 -1 4114
1477 -1 4114
1478 -1 4114
1479 -1 4114
1480 -1 4114
1481 -1 4114
1482 -1 4114
1483 -1 4114
1484 -1 4114
1485 -1 4114
1486 -1 4114
1487 -1 4114
1488 -1 4114
1489 -1 4114
1490 -1 4114
1491 -1 4114
1492 -1 4114
1493 -1 4114
1494 -1 4114
1495 -1 4114
1496 -1 4114
1497 -1 4114
1498 -1 4114
1499 -1 4114
1500 -1 4114
1501 -1 4114
1502 -1 4114
1503 -1 4114
1504 -1 4114
1505 -1 4114
1506 -1 4114
1507 -1 4114
1508 -1 4114
1509 -1 4114
1510 -1 4114
1511 -1 4114
1512 -1 4114
1513 -1 4114
1514 -1 4114
1515 -1 4114
1516 -1 4114
1517 -1 4114
1518 -1 4114
1519 -1 4114
1520 -1 4114
1521 -1 4114
1522 -1 4114
1523 -1 4114
1524 -1 4114
1525 -1 4114
1526 -1 4114
1527 -1 4114
1528 -1 4114
1529 -1 4114
1530 -1 4114
1531 -1 4114
1532 -1 4114
1533 -1 4114
1534 -1 4114
1535 -1 4114
1536 -1 4114
1537 -1 4114
1538 -1 4114
1539 -1 4114
1540 -1 4114
1541 -1 4114
1542 -1 4114
1543 -1 4114
1544 -1 4114
1545 -1 4114
1546 -1 4114
1547 -1 4114
1548 -1 4114
1549 -1 4114
1550 -1 4114
1551 -1 4114
1552 -1 4114
1553 -1 4114
1554 -1 4114
1555 -1 4114
1556 -1 4114
1557 -1 4114
1558 -1 4114
1559 -1 4114
1560 -1 4114
1561 -1 4114
1562 -1 4114
1563 -1 4114
1564 -1 4114
1565 -1 4114
1566 -1 4114
1567 -1 4114
1568 -1 4114
1569 -1 4114
1570 -1 4114
1571 -1 4114
1572 -1 4114
1573 -1 4114
1574 -1 4114
1575 -1 4114
1576 -1 4114
1577 -1 4114
1578 -1 4114
1579 -1 4114
1580 -1 4114
1581 -1 4114
1582 -1 4114
1583 -1 4114
1584 -1 4114
1585 -1 4114
1586 -1 4114
1587 -1 4114
1588 -1 4114
1589 -1 4114
1590 -1 4114
1591 -1 4114
1592 -1 4114
1593 -1 4114
1594 -1 4114
1595 -1 4114
1596 -1 4114
1597 -1 4114
1598 -1 4114
1599 -1 4114
1600 -1 4114
1601 -1 4114
1602 -1 4114
1603 -1 4114
1604 -1 4114
1605 -1 4114
1606 -1 4114
1607 -1 4114
1608 -1 4114
1609 -1 4114
1610 -1 4114
1611 -1 4114
1612 -1 4114
1613 -1 4114
1614 -1 4114
1615 -1 4114
1616 -1 4114
1617 -1 4114
1618 -1 4114
1619 -1 4114
1620 -1 4114
1621 -1 4114
1622 -1 4114
1623 -1 4114
1624 -1 4114
1625 -1 4114
1626 -1 4114
1627 -1 4114
1628 -1 4114
1629 -1 4114
1630 -1 4114
1631 -1 4114
1632 -1 4114
1633 -1 4114
1634 -1 4114
1635 -1 4114
1636 -1 4114
1637 -1 4114
1638 -1 4114
1639 -1 4114
1640 -1 4114
1641 -1 4114
1642 -1 4114
1643 -1 4114
1644 -1 4114
1645 -1 4114
1646 -1 4114
1647 -1 4114
1648 -1 4114
1649 -1 4114
1650 -1 4114
1651 -1 4114
1652 -1 4114
1653 -1 4114
1654 -1 4114
1655 -1 4114
1656 -1 4114
1657 -1 4114
1658 -1 4114
1659 -1 4114
1660 -1 4114
1661 -1 4114
1662 -1 4114
1663 -1 4114
1664 -1 4114
1665 -1 4114
1666 -1 4114
1667 -1 4114
1668 -1 4114
1669 -1 4114
1670 -1 4114
1671 -1 4114
1672 -1 4114
1673 -1 4114
1674 -1 4114
1675 -1 4114
1676 -1 4114
1677 -1 4114
1678 -1 4114
1679 -1 4114
1680 -1 4114
1681 -1 4114
1682 -1 4114
1683 -1 4114
1684 -1 4114
1685 -1 4114
1686 -1 4114
1687 -1 4114
1688 -1 4114
1689 -1 4114
1690 -1 4114
1691 -1 4114
1692 -1 4114
1693 -1 4114
1694 -1 4114
1695 -1 4114
1696 -1 4114
1697 -1 4114
1698 -1 4114
1699 -1 4114
1700 -1 4114
1701 -1 4114
1702 -1 4114
1703 -1 4114
1704 -1 4114
1705 -1 4114
1706 -1 4114
1707 -1 4114
1708 -1 4114
1709 -1 4114
1710 -1 4114
1711 -1 4114
1712 -1 4114
1713 -1 4114
1714 -1 4114
1715 -1 4114
1716 -1 4114
1717 -1 4114
1718 -1 4114
1719 -1 4114
1720 -1 4114
1721 -1 4114
1722 -1 4114
1723 -1 4114
1724 -1 4114
1725 -1 4114
1726 -1 4114
1727 -1 4114
1728 -1 4114
1729 -1 4114
1730 -1 4114
1731 -1 4114
1732 -1 4114
1733 -1 4114
1734 -1 4114
1735 -1 4114
1736 -1 4114
1737 -1 4114
1738 -1 4114
1739 -1 4114
1740 -1 4114
1741 -1 4114
1742 -1 4114
1743 -1 4114
1744 -1 4114
1745 -1 4114
1746 -1 4114
1747 -1 4114
1748 -1 4114
1749 -1 4114
1750 -1 4114
1751 -1 4114
1752 -1 4114
1753 -1 4114
1754 -1 4114
1755 -1 4114
1756 -1 4114
1757 -1 4114
1758 -1 4114
1759 -1 4114
1760 -1 4114
1761 -1 4114
1762 -1 4114
1763 -1 4114
1764 -1 4114
1765 -1 4114
1766 -1 4114
1767 -1 4114
1768 -1 4114
1769 -1 4114
1770 -1 4114
1771 -1 4114
1772 -1 4114
1773 -1 4114
1774 -1 4114
1775 -1 4114
1776 -1 4114
1777 -1 4114
1778 -1 4114
1779 -1 4114
1780 -1 4114
1781 -1 4114
1782 -1 4114
1783 -1 4114
1784 -1 4114
1785 -1 4114
1786 -1 4114
1787 -1 4114
1788 -1 4114
1789 -1 4114
1790 -1 4114
1791 -1 4114
1792 -1 4114
1793 -1 4114
1794 -1 4114
1795 -1 4114
1796 -1 4114
1797 -1 4114
1798 -1 4114
1799 -1 4114
1800 -1 4114
1801 -1 4114
1802 -1 4114
1803 -1 4114
1804 -1 4114
1805 -1 4114
1806 -1 4114
1807 -1 4114
1808 -1 4114
1809 -1 4114
1810 -1 4114
1811 -1 4114
1812 -1 4114
1813 -1 4114
1814 -1 4114
1815 -1 4114
1816 -1 4114
1817 -1 4114
1818 -1 4114
1819 -1 4114
1820 -1 4114
1821 -1 4114
1822 -1 4114
1823 -1 4114
1824 -1 4114
1825 -1 4114
1826 -1 4114
1827 -1 4114
1828 -1 4114
1829 -1 4114
1830 -1 4114
1831 -1 4114
1832 -1 4114
1833 -1 4114
1834 -1 4114
1835 -1 4114
1836 -1 4114
1837 -1 4114
1838 -1 4114
1839 -1 4114
1840 -1 4114
1841 -1 4114
1842 -1 4114
1843 -1 4114
1844 -1 4114
1845 -1 4114
1846 -1 4114
1847 -1 4114
1848 -1 4114
1849 -1 4114
1850 -1 4114
1851 -1 4114
1852 -1 4114
1853 -1 4114
1854 -1 4114
1855 -1 4114
1856 -1 4114
1857 -1 4114
1858 -1 4114
1859 -1 4114
1860 -1 4114
1861 -1 4114
1862 -1 4114
1863 -1 4114
1864 -1 4114
1865 -1 4114
1866 -1 4114
1867 -1 4114
1868 -1 4114
1869 -1 4114
1870 -1 4114
1871 -1 4114
1872 -1 4114
1873 -1 4114
1874 -1 4114
1875 -1 4114
1876 -1 4114
1877 -1 4114
1878 -1 4114
1879 -1 4114
1880 -1 4114
1881 -1 4114
1882 -1 4114
1883 -1 4114
1884 -1 4114
1885 -1 4114
1886 -1 4114
1887 -1 4114
1888 -1 4114
1889 -1 4114
1890 -1 4114
1891 -1 4114
1892 -1 4114
1893 -1 4114
1894 -1 4114
1895 -1 4114
1896 -1 4114
1897 -1 4114
1898 -1 4114
1899 -1 4114
1900 -1 4114
1901 -1 4114
1902 -1 4114
1903 -1 4114
1904 -1 4114
1905 -1 4114
1906 -1 4114
1907 -1 4114
1908 -1 4114
1909 -1 4114
1910 -1 4114
1911 -1 4114
1912 -1 4114
1913 -1 4114
1914 -1 4114
1915 -1 4114
1916 -1 4114
1917 -1 4114
1918 -1 4114
1919 -1 4114
1920 -1 4114
1921 -1 4114
1922 -1 4114
1923 -1 4114
1924 -1 4114
1925 -1 4114
1926 -1 4114
1927 -1 4114
1928 -1 4114
1929 -1 4114
1930 -1 4114
1931 -1 4114
1932 -1 4114
1933 -1 4114
1934 -1 4114
1935 -1 4114
1936 -1 4114
1937 -1 4114
1938 -1 4114
1939 -1 4114
1940 -1 4114
1941 -1 4114
1942 -1 4114
1943 -1 4114
1944 -1 4114
1945 -1 4114
1946 -1 4114
1947 -1 4114
1948 -1 4114
1949 -1 4114
1950 -1 4114
1951 -1 4114
1952 -1 4114
1953 -1 4114
1954 -1 4114
1955 -1 4114
1956 -1 4114
1957 -1 4114
1958 -1 4114
1959 -1 4114
1960 -1 4114
1961 -1 4114
1962 -1 4114
1963 -1 4114
1964 -1 4114
1965 -1 4114
1966 -1 4114
1967 -1 4114
1968 -1 4114
1969 -1 4114
1970 -1 4114
1971 -1 4114
1972 -1 4114
1973 -1 4114
1974 -1 4114
1975 -1 4114
1976 -1 4114
1977 -1 4114
1978 -1 4114
1979 -1 4114
1980 -1 4114
1981 -1 4114
1982 -1 4114
1983 -1 4114
1984 -1 4114
1985 -1 4114
1986 -1 4114
1987 -1 4114
1988 -1 4114
1989 -1 4114
1990 -1 4114
1991 -1 4114
1992 -1 4114
1993 -1 4114
1994 -1 4114
1995 -1 4114
1996 -1 4114
1997 -1 4114
1998 -1 4114
1999 -1 4114
2000 -1 4114
2001 -1 4114
2002 -1 4114
2003 -1 4114
2004 -1 4114
2005 -1 4114
2006 -1 4114
2007 -1 4114
2008 -1 4114
2009 -1 4114
2010 -1 4114
2011 -1 4114
2012 -1 4114
2013 -1 4114
2014 -1 4114
2015 -1 4114
2016 -1 4114
2017 -1 4114
2018 -1 4114
2019 -1 4114
2020 -1 4114
2021 -1 4114
2022 -1 4114
2023 -1 4114
2024 -1 4114
2025 -1 4114
2026 -1 4114
2027 -1 4114
2028 -1 4114
2029 -1 4114
2030 -1 4114
2031 -1 4114
2032 -1 4114
2033 -1 4114
2034 -1 4114
2035 -1 4114
2036 -1 4114
2037 -1 4114
2038 -1 4114
2039 -1 4114
2040 -1 4114
2041 -1 4114
2042 -1 4114
2043 -1 4114
2044 -1 4114
2045 -1 4114
2046 -1 4114
2047 -1 4114
2048 -1 4114
2049 -1 4114
2050 -1 4114
2051 -1 4114
2052 -1 4114
2053 -1 4114
2054 -1 4114
2055 -1 4114
2056 -1 4114
2057 -1 4114
2058 -1 4114
2059 -1 4114
2060 -1 4114
2061 -1 4114
2062 -1 4114
2063 -1 4114
2064 -1 4114
2065 -1 4114
2066 -1 4114
2067 -1 4114
2068 -1 4114
2069 -1 4114
2070 -1 4114
2071 -1 4114
2072 -1 4114
2073 -1 4114
2074 -1 4114
2075 -1 4114
2076 -1 4114
2077 -1 4114
2078 -1 4114
2079 -1 4114
2080 -1 4114
2081 -1 4114
2082 -1 4114
2083 -1 4114
2084 -1 4114
2085 -1 4114
2086 -1 4114
2087 -1 4114
2088 -1 4114
2089 -1 4114
2090 -1 4114
2091 -1 4114
2092 -1 4114
2093 -1 4114
2094 -1 4114
2095 -1 4114
2096 -1 4114
2097 -1 4114
2098 -1 4114
2099 -1 4114
2100 -1 4114
2101 -1 4114
2102 -1 4114
2103 -1 4114
2104 -1 4114
2105 -1 4114
2106 -1 4114
2107 -1 4114
2108 -1 4114
2109 -1 4114
2110 -1 4114
2111 -1 4114
2112 -1 4114
2113 -1 4114
2114 -1 4114
2115 -1 4114
2116 -1 4114
2117 -1 4114
2118 -1 4114
2119 -1 4114
2120 -1 4114
2121 -1 4114
2122 -1 4114
2123 -1 4114
2124 -1 4114
2125 -1 4114
2126 -1 4114
2127 -1 4114
2128 -1 4114
2129 -1 4114
2130 -1 4114
2131 -1 4114
2132 -1 4114
2133 -1 4114
2134 -1 4114
2135 -1 4114
2136 -1 4114
2137 -1 4114
2138 -1 4114
2139 -1 4114
2140 -1 4114
2141 -1 4114
2142 -1 4114
2143 -1 4114
2144 -1 4114
2145 -1 4114
2146 -1 4114
2147 -1 4114
2148 -1 4114
2149 -1 4114
2150 -1 4114
2151 -1 4114
2152 -1 4114
2153 -1 4114
2154 -1 4114
2155 -1 4114
2156 -1 4114
2157 -1 4114
2158 -1 4114
2159 -1 4114
2160 -1 4114
2161 -1 4114
2162 -1 4114
2163 -1 4114
2164 -1 4114
2165 -1 4114
2166 -1 4114
2167 -1 4114
2168 -1 4114
2169 -1 4114
2170 -1 4114
2171 -1 4114
2172 -1 4114
2173 -1 4114
2174 -1 4114
2175 -1 4114
2176 -1 4114
2177 -1 4114
2178 -1 4114
2179 -1 4114
2180 -1 4114
2181 -1 4114
2182 -1 4114
2183 -1 4114
2184 -1 4114
2185 -1 4114
2186 -1 4114
2187 -1 4114
2188 -1 4114
2189 -1 4114
2190 -1 4114
2191 -1 4114
2192 -1 4114
2193 -1 4114
2194 -1 4114
2195 -1 4114
2196 -1 4114
2197 -1 4114
2198 -1 4114
2199 -1 4114
2200 -1 4114
2201 -1 4114
2202 -1 4114
2203 -1 4114
2204 -1 4114
2205 -1 4114
2206 -1 4114
2207 -1 4114
2208 -1 4114
2209 -1 4114
2210 -1 4114
2211 -1 4114
2212 -1 4114
2213 -1 4114
2214 -1 4114
2215 -1 4114
2216 -1 4114
2217 -1 4114
2218 -1 4114
2219 -1 4114
2220 -1 4114
2221 -1 4114
2222 -1 4114
2223 -1 4114
2224 -1 4114
2225 -1 4114
2226 -1 4114
2227 -1 4114
2228 -1 4114
2229 -1 4114
2230 -1 4114
2231 -1 4114
2232 -1 4114
2233 -1 4114
2234 -1 4114
2235 -1 4114
2236 -1 4114
2237 -1 4114
2238 -1 4114
2239 -1 4114
2240 -1 4114
2241 -1 4114
2242 -1 4114
2243 -1 4114
2244 -1 4114
2245 -1 4114
2246 -1 4114
2247 -1 4114
2248 -1 4114
2249 -1 4114
2250 -1 4114
2251 -1 4114
2252 -1 4114
2253 -1 4114
2254 -1 4114
2255 -1 4114
2256 -1 4114
2257 -1 4114
2258 -1 4114
2259 -1 4114
2260 -1 4114
2261 -1 4114
2262 -1 4114
2263 -1 4114
2264 -1 4114
2265 -1 4114
2266 -1 4114
2267 -1 4114
2268 -1 4114
2269 -1 4114
2270 -1 4114
2271 -1 4114
2272 -1 4114
2273 -1 4114
2274 -1 4114
2275 -1 4114
2276 -1 4114
2277 -1 4114
2278 -1 4114
2279 -1 4114
2280 -1 4114
2281 -1 4114
2282 -1 4114
2283 -1 4114
2284 -1 4114
2285 -1 4114
2286 -1 4114
2287 -1 4114
2288 -1 4114
2289 -1 4114
2290 -1 4114
2291 -1 4114
2292 -1 4114
2293 -1 4114
2294 -1 4114
2295 -1 4114
2296 -1 4114
2297 -1 4114
2298 -1 4114
2299 -1 4114
2300 -1 4114
2301 -1 4114
2302 -1 4114
2303 -1 4114
2304 -1 4114
2305 -1 4114
2306 -1 4114
2307 -1 4114
2308 -1 4114
2309 -1 4114
2310 -1 4114
2311 -1 4114
2312 -1 4114
2313 -1 4114
2314 -1 4114
2315 -1 4114
2316 -1 4114
2317 -1 4114
2318 -1 4114
2319 -1 4114
2320 -1 4114
2321 -1 4114
2322 -1 4114
2323 -1 4114
2324 -1 4114
2325 -1 4114
2326 -1 4114
2327 -1 4114
2328 -1 4114
2329 -1 4114
2330 -1 4114
2331 -1 4114
2332 -1 4114
2333 -1 4114
2334 -1 4114
2335 -1 4114
2336 -1 4114
2337 -1 4114
2338 -1 4114
2339 -1 4114
2340 -1 4114
2341 -1 4114
2342 -1 4114
2343 -1 4114
2344 -1 4114
2345 -1 4114
2346 -1 4114
2347 -1 4114
2348 -1 4114
2349 -1 4114
2350 -1 4114
2351 -1 4114
2352 -1 4114
2353 -1 4114
2354 -1 4114
2355 -1 4114
2356 -1 4114
2357 -1 4114
2358 -1 4114
2359 -1 4114
2360 -1 4114
2361 -1 4114
2362 -1 4114
2363 -1 4114
2364 -1 4114
2365 -1 4114
2366 -1 4114
2367 -1 4114
2368 -1 4114
2369 -1 4114
2370 -1 4114
2371 -1 4114
2372 -1 4114
2373 -1 4114
2374 -1 4114
2375 -1 4114
2376 -1 4114
2377 -1 4114
2378 -1 4114
2379 -1 4114
2380 -1 4114
2381 -1 4114
2382 -1 4114
2383 -1 4114
2384 -1 4114
2385 -1 4114
2386 -1 4114
2387 -1 4114
2388 -1 4114
2389 -1 4114
2390 -1 4114
2391 -1 4114
2392 -1 4114
2393 -1 4114
2394 -1 4114
2395 -1 4114
2396 -1 4114
2397 -1 4114
2398 -1 4114
2399 -1 4114
2400 -1 4114
2401 -1 4114
2402 -1 4114
2403 -1 4114
2404 -1 4114
2405 -1 4114
2406 -1 4114
2407 -1 4114
2408 -1 4114
2409 -1 4114
2410 -1 4114
2411 -1 4114
2412 -1 4114
2413 -1 4114
2414 -1 4114
2415 -1 4114
2416 -1 4114
2417 -1 4114
2418 -1 4114
2419 -1 4114
2420 -1 4114
2421 -1 4114
2422 -1 4114
2423 -1 4114
2424 -1 4114
2425 -1 4114
2426 -1 4114
2427 -1 4114
2428 -1 4114
2429 -1 4114
2430 -1 4114
2431 -1 4114
2432 -1 4114
2433 -1 4114
2434 -1 4114
2435 -1 4114
2436 -1 4114
2437 -1 4114
2438 -1 4114
2439 -1 4114
2440 -1 4114
2441 -1 4114
2442 -1 4114
2443 -1 4114
2444 -1 4114
2445 -1 4114
2446 -1 4114
2447 -1 4114
2448 -1 4114
2449 -1 4114
2450 -1 4114
2451 -1 4114
2452 -1 4114
2453 -1 4114
2454 -1 4114
2455 -1 4114
2456 -1 4114
2457 -1 4114
2458 -1 4114
2459 -1 4114
2460 -1 4114
2461 -1 4114
2462 -1 4114
2463 -1 4114
2464 -1 4114
2465 -1 4114
2466 -1 4114
2467 -1 4114
2468 -1 4114
2469 -1 4114
2470 -1 4114
2471 -1 4114
2472 -1 4114
2473 -1 4114
2474 -1 4114
2475 -1 4114
2476 -1 4114
2477 -1 4114
2478 -1 4114
2479 -1 4114
2480 -1 4114
2481 -1 4114
2482 -1 4114
2483 -1 4114
2484 -1 4114
2485 -1 4114
2486 -1 4114
2487 -1 4114
2488 -1 4114
2489 -1 4114
2490 -1 4114
2491 -1 4114
2492 -1 4114
2493 -1 4114
2494 -1 4114
2495 -1 4114
2496 -1 4114
2497 -1 4114
2498 -1 4114
2499 -1 4114
2500 -1 4114
2501 -1 4114
2502 -1 4114
2503 -1 4114
2504 -1 4114
2505 -1 4114
2506 -1 4114
2507 -1 4114
2508 -1 4114
2509 -1 4114
2510 -1 4114
2511 -1 4114
2512 -1 4114
2513 -1 4114
2514 -1 4114
2515 -1 4114
2516 -1 4114
2517 -1 4114
2518 -1 4114
2519 -1 4114
2520 -1 4114
2521 -1 4114
2522 -1 4114
2523 -1 4114
2524 -1 4114
2525 -1 4114
2526 -1 4114
2527 -1 4114
2528 -1 4114
2529 -1 4114
2530 -1 4114
2531 -1 4114
2532 -1 4114
2533 -1 4114
2534 -1 4114
2535 -1 4114
2536 -1 4114
2537 -1 4114
2538 -1 4114
2539 -1 4114
2540 -1 4114
2541 -1 4114
2542 -1 4114
2543 -1 4114
2544 -1 4114
2545 -1 4114
2546 -1 4114
2547 -1 4114
2548 -1 4114
2549 -1 4114
2550 -1 4114
2551 -1 4114
2552 -1 4114
2553 -1 4114
2554 -1 4114
2555 -1 4114
2556 -1 4114
2557 -1 4114
2558 -1 4114
2559 -1 4114
